0|4.204702|-15.004797|1
1|4.7943463|-15.004797|0,2
2|5.2850146|-14.848011|1,3
3|5.422856|-14.321305|2,4
4|5.422856|-13.809589|3,5
5|5.422856|-13.266917|4,6
6|4.960076|-12.997383|5,7
7|4.5606694|-12.595871|6,8
8|4.124193|-12.301966|7,9
9|3.6006944|-12.301966|8,10
10|3.0565355|-12.301966|9,11
11|2.5087001|-12.301966|10,12
12|1.9884976|-12.301966|11,13
13|1.4670995|-12.301967|12,14
14|0.9824803|-12.459862|13,15
15|0.52050304|-12.751947|14,16
16|0.2003738|-13.139265|15,17
17|-0.030599616|-13.615553|16,18
18|-0.39882547|-13.98378|17,19
19|-0.78965735|-14.374611|18,20
20|-1.1801262|-14.765081|19,21
21|-1.5509317|-15.135888|20,22
22|-2.040912|-15.299662|21,23
23|-2.5616088|-15.299663|22,24
24|-3.0781336|-15.290399|23,25
25|-3.4502807|-14.918249|24,26
26|-3.8333874|-14.535141|25,27
27|-4.332509|-14.415777|26,28
28|-4.851406|-14.415777|27,29
29|-5.3829722|-14.415777|28,30
30|-5.893248|-14.415777|29,31
31|-6.4144106|-14.415777|30,32
32|-6.934704|-14.415777|31,33
33|-7.4605684|-14.415777|32,34
34|-8.004744|-14.415777|33,35
35|-8.525465|-14.415777|34,36
36|-9.070169|-14.415777|35,37
37|-9.600483|-14.415777|36,38
38|-10.118795|-14.415778|37,39
39|-10.631948|-14.415777|38,40
40|-11.149774|-14.40626|39,41
41|-11.5185175|-14.037518|40,42
42|-11.886935|-13.669099|41,43
43|-12.02414|-13.153641|42,44
44|-12.02414|-12.63315|43,45
45|-12.201652|-12.104378|44,46
46|-12.588442|-11.7175865|45,47
47|-13.088825|-11.545319|46,48
48|-13.630253|-11.545319|47,49
49|-14.181323|-11.545319|48,50
50|-14.71939|-11.545319|49,51
51|-15.103683|-11.90912|50,52
52|-15.32914|-12.462673|51,53
53|-15.42177|-12.956374|52,54
54|-15.880411|-13.158371|53,55
55|-16.420355|-13.158372|54,56
56|-16.938894|-13.158372|55,57
57|-17.477623|-13.158372|56,58
58|-17.981579|-13.158371|57,59
59|-18.49527|-13.099356|58,60
60|-17.969646|-13.102547|59,61
61|-17.581186|-13.459886|60,62
62|-17.07601|-13.459886|61,63
63|-16.541668|-13.459885|62,64
64|-16.014317|-13.459886|63,65
65|-15.510407|-13.459886|64,66
66|-15.173337|-13.089745|65,67
67|-15.173336|-12.556269|66,68
68|-15.320651|-12.030996|67,69
69|-15.320651|-11.51508|68,70
70|-15.320652|-10.963856|69,71
71|-15.32065|-10.422998|70,72
72|-15.460145|-9.900755|71,73
73|-15.940279|-9.74562|72,74
74|-16.466255|-9.745619|73,75
75|-16.999544|-9.74562|74,76
76|-17.515347|-9.745621|75,77
77|-18.042236|-9.745621|76,78
78|-18.547401|-9.74562|77,79
79|-19.089605|-9.74562|78,80
80|-18.568865|-9.74562|79,81
81|-18.066431|-9.696784|80,82
82|-17.598253|-9.471687|81,83
83|-17.091074|-9.298146|82,84
84|-16.897488|-8.822872|83,85
85|-16.897488|-8.287197|84,86
86|-16.897488|-7.736438|85,87
87|-16.897488|-7.198883|86,88
88|-16.897488|-6.6950235|87,89
89|-16.897488|-6.1723795|88,90
90|-16.777216|-5.650951|89,91
91|-16.400246|-5.2739754|90,92
92|-15.884088|-5.255625|91,93
93|-15.378149|-5.255625|92,94
94|-14.855345|-5.255625|93,95
95|-14.411207|-5.5596433|94,96
96|-14.041355|-5.929496|95,97
97|-13.575766|-6.1867514|96,98
98|-13.207636|-6.5548816|97,99
99|-12.707796|-6.728766|98,100
100|-13.101816|-6.348199|99,101
101|-13.487671|-5.9623446|100,102
102|-13.605135|-5.450235|101,103
103|-13.605135|-4.918421|102,104
104|-13.521314|-4.4068956|103,105
105|-13.457821|-3.9095855|104,106
106|-13.337523|-3.3897738|105,107
107|-12.82765|-3.3627567|106,108
108|-12.395975|-3.0732281|107,109
109|-12.902743|-3.1383126|108,110
110|-12.984417|-3.636285|109,111
111|-13.289138|-4.0328712|110,112
112|-13.660568|-4.404301|111,113
113|-14.025276|-4.7690096|112,114
114|-14.401192|-5.127634|113,115
115|-14.918908|-5.127634|114,116
116|-15.380346|-4.860358|115,117
117|-15.908049|-4.916689|116,118
118|-16.362772|-5.201291|117,119
119|-16.952898|-5.201291|118,120
120|-17.482624|-5.201291|119,121
121|-18.003998|-5.201291|120,122
122|-18.522953|-5.201291|121,123
123|-19.045715|-5.201291|122,124
124|-19.430725|-5.522724|123,125
125|-19.800661|-5.892665|124,126
126|-20.173332|-6.26534|125,127
127|-20.616142|-6.5271177|126,128
128|-21.09365|-6.769001|127,129
129|-21.367363|-7.235049|128,130
130|-21.367363|-7.7479053|129,131
131|-21.682037|-8.15804|130,132
132|-22.1733|-7.946588|131,133
133|-22.33013|-7.4384336|132,134
134|-22.187202|-6.9176598|133,135
135|-21.804407|-6.53486|134,136
136|-21.43128|-6.161728|135,137
137|-21.225288|-5.665183|136,138
138|-21.326336|-5.1607327|137,139
139|-21.168266|-4.6808014|138,140
140|-21.189264|-4.1786156|139,141
141|-21.557404|-3.8104706|140,142
142|-21.915714|-3.43768|141,143
143|-22.03629|-2.9149146|142,144
144|-22.40941|-2.5417912|143,145
145|-21.975967|-2.269575|144,146
146|-21.47495|-2.213026|145,147
147|-21.236876|-2.6856654|146,148
148|-21.172846|-3.1848102|147,149
149|-20.811707|-3.5459533|148,150
150|-20.414682|-3.9429812|149,151
151|-19.95094|-4.1983957|150,152
152|-19.582642|-4.5666995|151,153
153|-19.21318|-4.936163|152,154
154|-18.82674|-5.2568316|153,155
155|-18.305458|-5.2568316|154,156
156|-17.765455|-5.2568316|155,157
157|-17.276043|-5.09868|156,158
158|-16.992256|-4.6438365|157,159
159|-16.992256|-4.1231413|158,160
160|-16.992256|-3.5960455|159,161
161|-16.992256|-3.029863|160,162
162|-16.992256|-2.5072749|161,163
163|-16.992256|-1.9882084|162,164
164|-17.12866|-1.4493215|163,165
165|-17.493668|-1.0843097|164,166
166|-17.927753|-0.77550155|165,167
167|-18.45588|-0.77882993|166,168
168|-18.086357|-0.42796248|167,169
169|-17.57659|-0.37458423|168,170
170|-17.149181|-0.678762|169,171
171|-16.653122|-0.8901826|170,172
172|-16.128586|-0.8901826|171,173
173|-15.606183|-0.8901826|172,174
174|-15.171537|-0.582287|173,175
175|-15.037493|-0.056095213|174,176
176|-15.2744465|0.41371286|175,177
177|-15.33212|0.9189385|176,178
178|-15.33212|1.4510057|177,179
179|-15.332119|1.9983101|178,180
180|-15.637046|2.4429758|179,181
181|-16.152565|2.5799916|180,182
182|-16.674183|2.5799916|181,183
183|-17.120083|2.8843524|182,184
184|-17.666454|2.9482756|183,185
185|-18.171679|2.5855956|184,186
186|-17.70689|2.3590212|185,187
187|-17.195156|2.3590212|186,188
188|-16.665543|2.3590212|187,189
189|-16.118156|2.3590212|188,190
190|-15.622107|2.18703|189,191
191|-15.261033|1.8259578|190,192
192|-14.900597|1.4655217|191,193
193|-14.384266|1.3278245|192,194
194|-13.750686|1.3278245|193,195
195|-13.227707|1.3278245|194,196
196|-12.717894|1.3278245|195,197
197|-12.22812|1.1888853|196,198
198|-11.685117|1.1805106|197,199
199|-11.139406|1.1805106|198,200
200|-10.632275|1.1805106|199,201
201|-10.12564|1.1697452|200,202
202|-9.757839|0.80194575|201,203
203|-9.399835|0.42958564|202,204
204|-9.399835|-0.110601574|203,205
205|-9.399835|-0.61349183|204,206
206|-9.399835|-1.1322874|205,207
207|-9.399835|-1.6800768|206,208
208|-9.399835|-2.195621|207,209
209|-9.399836|-2.6961372|208,210
210|-9.647806|-3.1373577|209,211
211|-10.009594|-3.4991455|210,212
212|-10.368376|-3.8579257|211,213
213|-9.95506|-4.188222|212,214
214|-9.585767|-4.5575156|213,215
215|-9.113939|-4.8044677|214,216
216|-8.595152|-4.8044677|215,217
217|-8.048076|-4.8044677|216,218
218|-7.501939|-4.8044677|217,219
219|-7.0006523|-4.757974|218,220
220|-6.5822678|-4.4712343|219,221
221|-6.4030256|-4.9542994|220,222
222|-6.9226513|-4.8798013|221,223
223|-7.310604|-4.491848|222,224
224|-7.6677065|-4.1347456|223,225
225|-8.05871|-3.7437422|224,226
226|-8.425943|-3.3765097|225,227
227|-8.673755|-2.9411595|226,228
228|-8.673755|-2.434484|227,229
229|-8.673755|-1.9135678|228,230
230|-8.673755|-1.3711303|229,231
231|-8.766117|-0.8488408|230,232
232|-8.894726|-0.3399042|231,233
233|-8.894726|0.18007675|232,234
234|-8.843316|0.6853436|233,235
235|-8.479928|1.0487304|234,236
236|-7.946266|1.1495321|235,237
237|-7.425665|1.1495321|236,238
238|-6.906527|1.1495321|237,239
239|-6.4012914|1.1495321|238,240
240|-5.977107|0.8308449|239,241
241|-5.6150827|0.46882144|240,242
242|-5.4119105|-0.009064112|241,243
243|-5.4119105|-0.5294163|242,244
244|-5.4119105|-1.031765|243,245
245|-5.4119105|-1.5456303|244,246
246|-5.3173394|-2.1205854|245,247
247|-4.9573646|-2.4805589|246,248
248|-4.509019|-2.9289038|247,249
249|-4.1476507|-3.2902703|248,250
250|-3.7791564|-3.6587644|249,251
251|-3.2660604|-3.793778|250,252
252|-2.7278519|-3.793778|251,253
253|-2.2186184|-3.722418|252,254
254|-1.6887617|-3.6464643|253,255
255|-1.1527476|-3.6464643|254,256
256|-0.6165125|-3.6464643|255,257
257|-0.1128365|-3.6464643|256,258
258|0.42612162|-3.6464643|257,259
259|0.97813725|-3.6464643|258,260
260|1.5367806|-3.6464643|259,261
261|2.0463018|-3.6241593|260,262
262|2.4053125|-3.2651486|261,263
263|2.7952185|-2.8752427|262,264
264|3.176507|-2.493954|263,265
265|3.5580075|-2.1124535|264,266
266|3.9138775|-1.7565837|265,267
267|4.1600447|-1.2877109|266,268
268|4.1600447|-0.7656687|267,269
269|4.2337017|-0.22495373|268,270
270|4.2337017|0.29647005|269,271
271|4.2337017|0.81674534|270,272
272|4.2337017|1.3374456|271,273
273|4.2337017|1.8589537|272,274
274|4.2337017|2.4029267|273,275
275|4.2337017|2.9111016|274,276
276|4.1509223|3.43768|275,277
277|3.7765863|3.8120153|276,278
278|3.413251|4.1753507|277,279
279|3.0298634|4.558739|278,280
280|2.639073|4.949531|279,281
281|2.2599204|5.3286843|280,282
282|1.7444504|5.4274883|281,283
283|1.2875019|5.7119226|282,284
284|0.7674664|5.7119226|283,285
285|0.116422065|5.7119226|284,286
286|-0.42872858|5.7119226|285,287
287|-0.95618606|5.7119226|286,288
288|-1.5081183|5.7119226|287,289
289|-2.0530717|5.7119226|288,290
290|-2.5862134|5.7119226|289,291
291|-3.086989|5.7119226|290,292
292|-3.6105752|5.7119226|291,293
293|-4.138467|5.7119226|292,294
294|-4.506694|5.370205|293,295
295|-4.9313583|4.94554|294,296
296|-5.3165274|4.5603714|295,297
297|-5.684882|4.192017|296,298
298|-5.785431|3.6608171|297,299
299|-5.785431|3.1300917|298,300
300|-5.785431|2.616635|299,301
301|-5.7854304|2.0962532|300,302
302|-5.590787|1.605162|301,303
303|-5.222513|1.2368884|302,304
304|-4.8232527|0.9159224|303,305
305|-4.314769|0.9159224|304,306
306|-3.7873628|0.9159224|305,307
307|-3.271078|0.9159224|306,308
308|-2.7953546|1.1471174|307,309
309|-2.423322|1.5270126|308,310
310|-2.052676|1.9283435|309,311
311|-1.6939042|2.3001213|310,312
312|-1.3255544|2.6684706|311,313
313|-0.81178427|2.8426805|312,314
314|-0.3319332|2.6482687|313,315
315|0.036023088|2.2803128|314,316
316|0.40414664|1.912189|315,317
317|0.7847883|1.5315474|316,318
318|1.1407139|1.1756217|317,319
319|1.0838743|0.6480164|318,320
320|0.7158211|0.2799633|319,321
321|0.34735787|-0.08849985|320,322
322|-0.020592447|-0.45645016|321,323
323|-0.4758985|-0.74123216|322,324
324|-1.0120028|-0.74123216|323,325
325|-1.506972|-0.5812999|324,326
326|-1.8725669|-0.21570481|325,327
327|-2.2412722|0.15300079|326,328
328|-2.6092336|0.5209626|327,329
329|-2.5255494|1.0482668|328,330
330|-2.5255494|1.5787151|329,331
331|-2.3921733|2.0974085|330,332
332|-2.031476|2.458106|331,333
333|-1.6671627|2.8224187|332,334
334|-1.1368316|2.9215713|333,335
335|-0.61139137|2.921571|334,336
336|-0.08243856|2.921571|335,337
337|0.41829836|2.789767|336,338
338|0.7917894|2.4162765|337,339
339|1.1552442|2.052822|338,340
340|1.524492|1.6835742|339,341
341|2.016566|1.4738871|340,342
342|2.5648794|1.4738871|341,343
343|3.066358|1.473887|342,344
344|3.5711932|1.4738871|343,345
345|4.0756464|1.4738872|344,346
346|4.584485|1.4738871|345,347
347|5.102854|1.4385405|346,348
348|5.5939617|1.3265733|347,349
349|6.1113873|1.3265733|348,350
350|6.6354403|1.3265733|349,351
351|7.157821|1.3265733|350,352
352|7.664202|1.4842906|351,353
353|8.100046|1.7925217|352,354
354|8.335151|2.2718058|353,355
355|8.678346|2.6833189|354,356
356|8.777093|3.2138326|355,357
357|8.777088|3.7237754|356,358
358|9.254162|3.4653077|357,359
359|9.624369|3.0951014|358,360
360|10.006066|2.713406|359,361
361|10.377971|2.3415022|360,362
362|10.09684|1.8995442|361,363
363|9.725281|1.5279868|362,364
364|9.366793|1.1694982|363,365
365|8.893714|1.3540633|364,366
366|9.256704|0.9405093|365,367
367|9.4288845|0.43905497|366,368
368|9.4288845|-0.10205973|367,369
369|9.4288845|-0.6522185|368,370
370|9.4288845|-1.1573862|369,371
371|9.4288845|-1.6934758|370,372
372|9.4288845|-2.1979108|371,373
373|9.374508|-2.7235441|372,374
374|9.012617|-3.0854325|373,375
375|8.543347|-3.332078|374,376
376|8.275646|-2.8607652|375,377
377|8.18728|-3.3822398|376,378
378|7.6625085|-3.3822398|377,379
379|7.1340027|-3.38224|378,380
380|6.623019|-3.3822398|379,381
381|6.224463|-3.0714836|380,382
382|5.856459|-3.4454587|381,383
383|5.375846|-3.2981567|382,384
384|5.240765|-3.814116|383,385
385|5.240765|-4.329025|384,386
386|5.5859084|-3.9205203|385,387
387|6.0831437|-3.71517|386,388
388|6.6127834|-3.862484|387,389
389|7.1127496|-3.6258073|388,390
390|7.5279174|-3.3468862|389,391
391|8.0618|-3.3468862|390,392
392|8.568104|-3.3468862|391,393
393|9.077202|-3.3468862|392,394
394|9.601871|-3.3468862|393,395
395|10.114744|-3.3468862|394,396
396|10.636516|-3.3468862|395,397
397|11.1589775|-3.3468862|396,398
398|11.618877|-3.6157496|397,399
399|11.987074|-3.9839456|398,400
400|12.358522|-4.355393|399,401
401|12.837551|-4.5990543|400,402
402|13.356525|-4.5990543|401,403
403|13.867514|-4.5990543|402,404
404|14.388176|-4.5990543|403,405
405|14.908745|-4.5990543|404,406
406|15.429612|-4.5990543|405,407
407|15.872402|-4.2455115|406,408
408|15.960801|-3.7254956|407,409
409|15.960801|-3.2241974|408,410
410|16.145586|-2.746866|409,411
411|16.650091|-2.750292|410,412
412|17.1731|-2.7538128|411,413
413|16.74293|-3.0566022|412,414
414|16.605885|-3.545157|413,415
415|16.947449|-3.9518838|414,416
416|17.448887|-4.125914|415,417
417|17.910576|-3.8576427|416,418
418|17.40207|-4.035287|417,419
419|17.26534|-4.5342774|418,420
420|17.591057|-4.9144044|419,421
421|18.085226|-5.030626|420,422
422|17.546093|-5.041869|421,423
423|17.168562|-5.3910403|422,424
424|16.807331|-5.7522755|423,425
425|16.393583|-6.0730677|424,426
426|15.927463|-5.826483|425,427
427|15.879419|-5.3246274|426,428
428|15.861204|-4.822725|427,429
429|15.370544|-4.61997|428,430
430|14.849964|-4.61997|429,431
431|14.325967|-4.61997|430,432
432|13.806552|-4.61997|431,433
433|13.29992|-4.61997|432,434
434|12.778618|-4.61997|433,435
435|12.263832|-4.681242|434,436
436|11.902847|-5.042227|435,437
437|11.8831625|-5.5476103|436,438
438|11.725883|-6.052524|437,439
439|11.267919|-6.3371863|438,440
440|10.748387|-6.337186|439,441
441|10.228924|-6.3371863|440,442
442|9.68294|-6.3371863|441,443
443|9.284224|-6.6884046|442,444
444|9.284224|-7.2074366|443,445
445|9.284224|-7.756659|444,446
446|9.284224|-8.3013115|445,447
447|9.284224|-8.801828|446,448
448|9.284224|-9.34454|447,449
449|9.284224|-9.870417|448,450
450|9.552022|-10.308163|449,451
451|10.073522|-10.308163|450,452
452|10.616499|-10.338817|451,453
453|10.084174|-10.386905|452,454
454|9.696602|-10.746127|453,455
455|9.685188|-11.255634|454,456
456|9.844908|-11.750597|455,457
457|9.906159|-12.251649|456,458
458|9.709592|-12.737585|457,459
459|9.537874|-13.250255|458,460
460|9.537874|-13.75965|459,461
461|9.270988|-14.202454|460,462
462|8.739586|-14.202454|461,463
463|8.22125|-14.202454|462,464
464|7.706963|-14.185527|463,465
465|8.254911|-14.115632|464,466
466|8.782101|-14.115633|465,467
467|9.311886|-14.067841|466,468
468|9.337751|-13.558787|467,469
469|9.288075|-13.054796|468,470
470|8.922133|-12.688854|469,471
471|8.547433|-12.314154|470,472
472|8.048111|-12.146931|471,473
473|7.531843|-12.146932|472,474
474|7.010623|-12.146931|473,475
475|6.49152|-12.146931|474,476
476|5.9688935|-12.146931|475,477
477|5.4390106|-12.171467|476,478
478|5.081817|-12.52866|477,479
479|4.87429|-13.026363|478,480
480|4.8742895|-13.553619|479,481
481|4.7003875|-14.055925|480,482
482|4.3639235|-14.451507|481,483
483|4.080331|-14.885736|482,484
484|3.559447|-14.885736|483,485
485|3.0220678|-14.885736|484,486
486|2.4993098|-14.971327|485,487
487|2.3639295|-15.48637|486,488
488|2.3639295|-16.026558|487,489
489|2.6606975|-16.430363|488,490
490|3.0816088|-16.098843|489,491
491|3.5945482|-15.914771|490,492
492|4.1158595|-16.035778|491,493
493|4.6156445|-16.209394|492,494
494|5.1095285|-16.014343|493,495
495|5.4829683|-15.640907|494,496
496|5.677992|-15.133383|495,497
497|6.066721|-14.744655|496,498
498|5.693378|-14.395027|497,499
499|5.2017493|-14.200319|498,500
500|5.175486|-13.690422|499,501
501|5.175486|-13.070505|500,502
502|5.015495|-12.555727|501,503
503|4.6429005|-12.200119|502,504
504|4.123646|-12.200119|503,505
505|3.601621|-12.200119|504,506
506|3.0823426|-12.200119|505,507
507|2.5790656|-12.200119|506,508
508|1.9764102|-12.200119|507,509
509|1.4648392|-12.200119|508,510
510|0.9445404|-12.200119|509,511
511|0.4394002|-12.358112|510,512
512|0.22910833|-12.85676|511,513
513|0.22910833|-13.365119|512,514
514|0.22910833|-13.901364|513,515
515|0.22910833|-14.41885|514,516
516|0.22910833|-14.944372|515,517
517|0.5237359|-15.378041|516,518
518|0.5237359|-15.900633|517,519
519|0.5237359|-16.441332|518,520
520|-0.02041634|-16.50887|519,521
521|-0.55132884|-16.50887|520,522
522|-1.0673562|-16.50887|521,523
523|-1.5712537|-16.497211|522,524
524|-1.9425794|-16.125889|523,525
525|-2.0015366|-15.608899|524,526
526|-2.2718873|-15.171582|525,527
527|-2.6386027|-14.804865|526,528
528|-2.7505562|-14.276243|527,529
529|-3.2454712|-14.097018|528,530
530|-3.741202|-14.255132|529,531
531|-4.227028|-14.391646|530,532
532|-4.441696|-13.917028|531,533
533|-4.441696|-13.395015|532,534
534|-4.441696|-12.876414|533,535
535|-4.441696|-12.347217|534,536
536|-4.441696|-11.833254|535,537
537|-4.2455287|-11.339823|536,538
538|-3.8784513|-10.972746|537,539
539|-3.4914732|-10.585766|538,540
540|-3.1364672|-10.230759|539,541
541|-2.7733555|-9.867645|540,542
542|-2.3946567|-9.488945|541,543
543|-1.9651921|-9.178966|542,544
544|-1.4467171|-9.166004|543,545
545|-1.0793433|-8.79863|544,546
546|-0.71229625|-8.431582|545,547
547|-0.5757954|-7.914625|546,548
548|-0.5257524|-7.411704|547,549
549|-0.15199518|-7.037946|548,550
550|0.3717877|-6.946148|549,551
551|-0.1367192|-6.946148|550,552
552|-0.5734435|-6.6412344|551,553
553|-0.78412855|-6.1867905|552,554
554|-0.78412855|-5.6837792|553,555
555|-0.78412855|-5.164303|554,556
556|-0.78412855|-4.643001|555,557
557|-1.0974267|-4.242253|556,558
558|-1.4575082|-3.8821707|557,559
559|-1.8262788|-3.5134003|558,560
560|-1.6936703|-3.0039053|559,561
561|-1.3257022|-2.635938|560,562
562|-0.84489584|-2.4755387|561,563
563|-0.4637617|-2.8566723|562,564
564|-0.46714693|-3.3725588|563,565
565|-0.7841286|-3.808575|564,566
566|-0.78412855|-4.329358|565,567
567|-0.78412855|-4.8562512|566,568
568|-0.78412855|-5.3708534|567,569
569|-0.78412855|-5.9104795|568,570
570|-0.6546884|-6.4231434|569,571
571|-0.19094095|-6.661988|570,572
572|0.3209142|-6.680782|571,573
573|0.76974416|-6.9017534|572,574
574|1.2728734|-6.901753|573,575
575|1.7907388|-6.9017534|574,576
576|2.311947|-6.901753|575,577
577|2.822895|-6.9069834|576,578
578|3.2020826|-7.286172|577,579
579|3.7460759|-7.343695|578,580
580|4.270915|-7.3436956|579,581
581|4.7854624|-7.343695|580,582
582|5.2962|-7.5052924|581,583
583|5.8089747|-7.638324|582,584
584|6.2565536|-7.9448137|583,585
585|6.4656625|-8.4330435|584,586
586|6.4656625|-8.95116|585,587
587|5.978053|-9.208229|586,588
588|5.475716|-9.238981|587,589
589|4.9573774|-9.238981|588,590
590|4.4341884|-9.238981|589,591
591|3.915555|-9.238981|590,592
592|3.4127417|-9.238981|591,593
593|2.994928|-8.962116|592,594
594|2.7995796|-8.394915|593,595
595|2.7995796|-7.8476353|594,596
596|2.4919665|-7.4174843|595,597
597|2.0060632|-7.2094994|596,598
598|1.4871347|-7.2094994|597,599
599|0.9634216|-7.2094994|598,600
600|0.45047757|-7.2736683|599,601
601|-0.093822464|-7.2378817|600,602
602|-0.54000634|-7.5435104|601,603
603|-0.8972907|-7.918398|602,604
604|-0.8972907|-8.451382|603,605
605|-0.8972907|-8.986143|604,606
606|-1.2214131|-9.370754|605,607
607|-1.6090999|-9.758441|606,608
608|-1.9645557|-10.113897|607,609
609|-2.3749576|-10.446115|608,610
610|-2.8849273|-10.446115|609,611
611|-3.4061103|-10.446115|610,612
612|-3.7912576|-10.79477|611,613
613|-4.1677437|-11.171257|612,614
614|-4.5224423|-11.525955|613,615
615|-4.889652|-11.893166|614,616
616|-4.914908|-12.42442|615,617
617|-4.9149003|-12.944913|616,618
618|-4.9149|-13.466338|617,619
619|-5.041218|-13.971747|618,620
620|-5.533534|-14.108032|619,621
621|-6.078044|-14.108032|620,622
622|-6.6202183|-14.108032|621,623
623|-7.126644|-14.108032|622,624
624|-7.6405134|-14.108032|623,625
625|-8.1643305|-14.108032|624,626
626|-8.682492|-14.108032|625,627
627|-9.166542|-13.973158|626,628
628|-9.473611|-13.543068|627,629
629|-9.473611|-13.023387|628,630
630|-9.473611|-12.504275|629,631
631|-9.473611|-11.983686|630,632
632|-9.694582|-11.502547|631,633
633|-9.694582|-10.915122|632,634
634|-9.694582|-10.408897|633,635
635|-9.233938|-10.65088|634,636
636|-8.720861|-10.677134|635,637
637|-8.203283|-10.677134|636,638
638|-7.715873|-10.539492|637,639
639|-7.3267765|-10.150395|638,640
640|-6.96963|-9.777713|639,641
641|-6.9696302|-9.2573805|640,642
642|-7.313197|-8.82468|641,643
643|-7.93235|-8.652648|642,644
644|-8.439858|-8.531353|643,645
645|-8.760506|-8.125528|644,646
646|-9.042053|-7.709386|645,647
647|-9.553998|-7.709386|646,648
648|-9.865804|-8.135696|647,649
649|-9.421371|-8.420681|648,650
650|-8.916955|-8.420681|649,651
651|-8.407772|-8.329458|650,652
652|-8.016794|-7.9787393|651,653
653|-7.4674015|-7.9787397|652,654
654|-6.9476643|-7.9787397|653,655
655|-6.424779|-7.9787393|654,656
656|-5.8610806|-7.9787393|655,657
657|-6.2930307|-8.298046|656,658
658|-6.6575384|-8.662554|657,659
659|-6.931265|-9.084112|658,660
660|-6.931265|-9.630209|659,661
661|-6.931265|-10.174567|660,662
662|-7.1807194|-10.644072|661,663
663|-7.535448|-10.998801|662,664
664|-7.9233866|-11.3521595|663,665
665|-8.426867|-11.3521595|664,666
666|-8.959955|-11.3816395|665,667
667|-9.333208|-11.754891|666,668
668|-9.593389|-12.212797|667,669
669|-9.593389|-12.738443|668,670
670|-9.593389|-13.283019|669,671
671|-9.804981|-13.78917|670,672
672|-10.161709|-14.145897|671,673
673|-10.634531|-14.387805|672,674
674|-11.171143|-14.387804|673,675
675|-11.652319|-14.180772|674,676
676|-12.008696|-13.824394|675,677
677|-12.034542|-13.296917|676,678
678|-12.034542|-12.7393055|677,679
679|-12.211559|-12.267361|678,680
680|-12.598078|-11.880841|679,681
681|-13.039778|-11.634151|680,682
682|-13.68091|-11.6341505|681,683
683|-14.239423|-11.63415|682,684
684|-14.761037|-11.63415|683,685
685|-15.232216|-11.834089|684,686
686|-15.400561|-12.330296|685,687
687|-15.400562|-12.853729|686,688
688|-15.56846|-13.326097|687,689
689|-16.071318|-13.326096|688,690
690|-16.613848|-13.326097|689,691
691|-17.1349|-13.326097|690,692
692|-17.659397|-13.326097|691,693
693|-18.19982|-13.326097|692,694
694|-18.726639|-13.206044|693,695
695|-18.199701|-13.069506|694,696
696|-17.692568|-13.069506|695,697
697|-17.314785|-12.726911|696,698
698|-16.804714|-12.7012205|697,699
699|-16.302176|-12.701221|698,700
700|-15.783201|-12.65365|699,701
701|-15.414494|-12.284944|700,702
702|-15.31517|-11.747663|701,703
703|-15.315172|-11.232179|702,704
704|-15.315171|-10.685007|703,705
705|-15.5700035|-10.231468|704,706
706|-15.984513|-9.913383|705,707
707|-16.496912|-9.913383|706,708
708|-17.015017|-9.913383|707,709
709|-17.538172|-9.913382|708,710
710|-18.058876|-9.913383|709,711
711|-17.55703|-9.913383|710,712
712|-17.134007|-9.630814|711,713
713|-16.827322|-9.203196|712,714
714|-16.827322|-8.6812935|713,715
715|-16.827322|-8.119507|714,716
716|-16.827322|-7.5897427|715,717
717|-16.827322|-7.0689|716,718
718|-16.827322|-6.548|717,719
719|-16.827322|-6.045414|718,720
720|-16.558641|-5.617941|719,721
721|-16.189405|-5.2486997|720,722
722|-15.668968|-5.2237115|721,723
723|-15.159526|-5.2237115|722,724
724|-14.630981|-5.2237115|723,725
725|-15.163231|-5.2237115|724,726
726|-15.713064|-5.2237115|725,727
727|-16.234543|-5.2237115|726,728
728|-16.67687|-4.919586|727,729
729|-16.961998|-4.462473|728,730
730|-16.961998|-3.9400764|729,731
731|-16.961998|-3.4100046|730,732
732|-16.961998|-2.8998466|731,733
733|-16.961998|-2.379993|732,734
734|-16.961998|-1.8396451|733,735
735|-16.655235|-1.4110254|734,736
736|-16.288095|-1.0438824|735,737
737|-15.919266|-0.6750504|736,738
738|-15.549898|-0.30568308|737,739
739|-15.341556|0.18019657|738,740
740|-15.341556|0.7259819|739,741
741|-14.962004|1.1155429|740,742
742|-14.437533|1.1779331|741,743
743|-13.914955|1.1779331|742,744
744|-13.3733|1.1779331|743,745
745|-12.831303|1.1779331|744,746
746|-12.326238|1.1779331|745,747
747|-11.805635|1.1779331|746,748
748|-11.2810135|1.1779331|747,749
749|-10.768982|1.1779331|748,750
750|-10.249838|1.1779331|749,751
751|-9.700167|1.1779331|750,752
752|-9.340225|0.82689536|751,753
753|-8.980407|0.46707702|752,754
754|-8.954694|-0.07119674|753,755
755|-8.954694|-0.58715665|754,756
756|-8.954694|-0.05470457|755,757
757|-8.954694|0.4841289|756,758
758|-8.676345|0.92804515|757,759
759|-8.317608|1.286782|758,760
760|-7.7878523|1.3126093|759,761
761|-7.2702794|1.3126093|760,762
762|-6.7306323|1.3126093|761,763
763|-6.192528|1.3126092|762,764
764|-5.6712966|1.3126093|763,765
765|-5.17612|1.2177784|764,766
766|-4.688397|1.0179816|765,767
767|-4.1580505|1.0179816|766,768
768|-3.6549819|1.0179816|767,769
769|-3.18064|0.7847962|768,770
770|-2.813267|0.4174229|769,771
771|-2.4358487|0.040003974|770,772
772|-2.0592515|-0.33659357|771,773
773|-1.5979182|-0.60247004|772,774
774|-1.0754232|-0.60247004|773,775
775|-0.55252415|-0.6974891|774,776
776|-0.42657244|-1.2042009|775,777
777|-0.4265725|-1.7247214|776,778
778|-0.42657244|-2.2444808|777,779
779|-0.42657247|-2.768427|778,780
780|-0.4265725|-3.287273|779,781
781|-0.42657247|-3.810213|780,782
782|-0.4265725|-4.342531|781
